[2.3834816434531376,
 3.829062883313668,
 8.698175002493599,
 15.553878234182946,
 18.535919401513695,
 25.116631434928536,
 31.86373380410447,
 34.358485196147114,
 35.42301324761286,
 39.980468846169856,
 47.07230887737347,
 62.265539711742065,
 68.11944956159368,
 69.56251707749738,
 75.11149963956848,
 103.57332135227549,
 109.1305453943007,
 119.83215187116143,
 121.68494226473163,
 122.45400700594786,
 125.33466571818667,
 130.21145027698208,
 136.14454147097695,
 140.5367371683799,
 142.33094312752115,
 153.90788230655872,
 158.40382861455166,
 164.64796758834206,
 173.42478344687603,
 182.98140484310173,
 182.43898752409376,
 183.35564704979816,
 18.340925968723695,
 200.29896891634547,
 205.7919626902231,
 202.13336543048106,
 223.05643421117873,
 224.78502422704906,
 230.08112918996423,
 239.68651319174026,
 242.49214763856665,
 244.8461063699147,
 248.2099210974118,
 293.57105583111706,
 294.84100232220806,
 301.1706405673831,
 302.2749798847652,
 302.34571612386696,
 305.09499353912236,
 309.625645758245,
 311.9124084241814,
 315.31154548760117,
 318.9947331446952,
 333.72533230060856,
 336.93028872404017,
 340.8229310371152,
 345.2996520632676,
 349.5190029317311,
 1.2788279238133669,
 3.1758572950332677]