[2.3086485700450226,
 3.0757130256145615,
 14.535925259321118,
 16.672509940957184,
 19.485993932133056,
 20.817790796481745,
 22.698036679362417,
 36.997317772702104,
 46.48614951717627,
 56.27110635343416,
 61.90041773183941,
 62.966089626956716,
 64.75138047849612,
 66.02947581506743,
 69.04805936129765,
 94.11366306372511,
 105.36586586730706,
 110.45536436414349,
 121.27672679167765,
 126.29903712051141,
 132.64395215644467,
 137.01343746673692,
 136.67825264355767,
 155.55284174878085,
 154.98100444662057,
 156.39604427124345,
 158.50445612002693,
 164.47759870386204,
 180.5994106831464,
 180.53452370274744,
 181.42426053410776,
 188.54055243783972,
 194.35091533385003,
 199.3085552740642,
 202.79798064040625,
 202.20274139423452,
 221.9556583328268,
 223.5481106770298,
 52.22818232252371,
 54.69550323816463,
 242.46450649344237,
 245.08427045567691,
 246.2106834582454,
 250.81339633331208,
 255.74316482287855,
 297.18924802515943,
 300.6242698480925,
 300.64916056043194,
 301.5108487830496,
 302.66096639249537,
 303.7452815090618,
 308.3008933827705,
 314.46123444321813,
 320.5758781066841,
 331.35221637589257,
 334.64827901769195,
 338.688127327942,
 344.5556597815207,
 350.444020904421,
 356.3451783913068]